1
AABJ
A
HB-A体
A体,胸围,腰围,臀围,肩宽,前长,后长,袖长,
165/44A,99,86,96.8,43.5,73.8,71.7,59,
170/46A,103,90,101,44.5,75.9,73.7,60.5,
175/48A,107,94,105.2,45.5,78,75.7,62,
180/50A,111,98,109.4,46.5,80.1,77.7,63.5,
185/52A,115,102,113.6,47.5,82.2,79.7,65,
190/54A,119,106,117.8,48.5,84.3,81.7,66.5,

1
AABJ
A
HB-B体
B体,胸围,腰围,臀围,肩宽,前长,后长,袖长,
165/44B,101,89,100,44,73.7,71.7,59,
170/46B,105,93,104.2,45,75.8,73.7,60.5,
175/48B,109,97,108.4,46,77.9,75.7,62,
180/50B,113,101,112.6,47,80,77.7,63.5,
185/52B,117,105,116.8,48,82.1,79.7,65,
190/54B,121,109,121,49,84.2,81.7,66.5,


1
AABJ
A
HB-C体
C体,胸围,腰围,臀围,肩宽,前长,后长,袖长,
165/46C,106.6,96.1,107,45,74,71.7,59,
170/48C,110.5,100,111.2,46,76.1,73.7,60.5,
175/50C,114.4,103.9,115.4,47,78.2,75.7,62,
180/52C,118.3,107.8,119.6,48,80.3,77.7,63.5,
185/54C,122.2,111.7,123.8,49,82.4,79.7,65,
190/56C,126,115.6,128,50,84.5,81.7,66.5,
							
1
AABJ
A
HB-D体
D体,胸围,腰围,臀围,肩宽,前长,后长,袖长,
165/48D,111,103.5,113.5,46,74,71.7,59,
170/50D,115.2,107.5,117.7,47,76.1,73.7,60.5,
175/52D,119.4,111.5,121.9,48,78.2,75.7,62,
180/54D,123.6,115.5,126.1,49,80.3,77.7,63.5,
185/56D,127.8,119.5,130.3,50,82.4,79.7,65,
190/58D,132,123.5,134.5,51,84.5,81.7,66.5,