1
AABJ
A
CY-A体
A体,胸围,腰围,臀围,肩宽,前长,后长,袖长,
165/44A,97,82,93,43.5,73.5,69.5,59,
170/46A,101,86,97,44.5,75.5,71.5,60.5,
175/48A,105,90,101,45.5,77.6,73.5,62,
180/50A,109,94,105,46.5,79.6,75.5,63.5,
185/52A,113,98,109,47.5,81.7,77.5,65,
190/54A,117,102,113,48.5,83.8,79.5,66.5,
										
1
AABJ
A
CY-B体						
B体,胸围,腰围,臀围,肩宽,前长,后长,袖长
165/44B,99,86,95.5,43.5,73.8,69.5,59
170/46B,103,90,99.5,44.5,75.8,71.5,60.5
175/48B,107,94,103.5,45.5,77.9,73.5,62
180/50B,111,98,107.5,46.5,79.9,75.5,63.5
185/52B,115,102,111.5,47.5,82,77.5,65
190/54B,119,106,115.5,48.5,84.1,79.5,66.5
							
1
AABJ
A
CY-C体
C体,胸围,腰围,臀围,肩宽,前长,后长,袖长
165/46C,105,94,103,44.5,74.5,69.5,59
170/48C,109,98,107,45.5,76.6,71.5,60.5
175/50C,113,102,111,46.5,78.6,73.5,62
180/52C,117,106,115,47.5,80.7,75.5,63.5
185/54C,121,110,119,48.5,82.8,77.5,65
190/56C,125,114,123,49.5,84.9,79.5,66.5
							
1
AABJ
A
CY-D体
D体,胸围,腰围,臀围,肩宽,前长,后长,袖长,
165/48D,109,103,109,45.5,74.7,69.5,59,
170/50D,113,107,113,46.5,76.8,71.5,60.5,
175/52D,117,111,117,47.5,78.8,73.5,62,
180/54D,121,115,121,48.5,80.9,75.5,63.5,
185/56D,125,119,125,49.5,83,77.5,65,
190/58D,129,123,129,50.5,85.1,79.5,66.5,
